Linux 6.17.9-arch1-1 (arch) 	11/30/25 	_x86_64_	(16 CPU)

10:37:44     CPU    %usr   %nice    %sys %iowait    %irq   %soft  %steal  %guest  %gnice   %idle
10:37:45     all   13.50    0.00    0.75    0.00    0.50    0.00    0.00    0.00    0.00   85.25
10:37:45       0   18.18    0.00    1.01    0.00    0.00    0.00    0.00    0.00    0.00   80.81
10:37:45       1    0.00    0.00    1.00    0.00    0.00    0.00    0.00    0.00    0.00   99.00
10:37:45       2   17.00    0.00    1.00    0.00    1.00    0.00    0.00    0.00    0.00   81.00
10:37:45       3    0.00    0.00    0.00    0.00    0.00    0.00    0.00    0.00    0.00  100.00
10:37:45       4   19.19    0.00    0.00    0.00    1.01    0.00    0.00    0.00    0.00   79.80
10:37:45       5    0.99    0.00    0.00    0.00    0.00    0.00    0.00    0.00    0.00   99.01
10:37:45       6    8.91    0.00    0.00    0.00    0.99    0.00    0.00    0.00    0.00   90.10
10:37:45       7    0.00    0.00    1.00    0.00    0.00    0.00    0.00    0.00    0.00   99.00
10:37:45       8   17.00    0.00    2.00    0.00    1.00    0.00    0.00    0.00    0.00   80.00
10:37:45       9    0.00    0.00    0.00    0.00    0.00    0.00    0.00    0.00    0.00  100.00
10:37:45      10   17.82    0.00    0.99    0.00    0.99    0.00    0.00    0.00    0.00   80.20
10:37:45      11    0.00    0.00    0.00    0.00    0.00    0.00    0.00    0.00    0.00  100.00
10:37:45      12   42.00    0.00    2.00    0.00    1.00    0.00    0.00    0.00    0.00   55.00
10:37:45      13   56.57    0.00    1.01    0.00    1.01    0.00    0.00    0.00    0.00   41.41
10:37:45      14    0.99    0.00    0.99    0.00    0.00    0.00    0.00    0.00    0.00   98.02
10:37:45      15   18.00    0.00    1.00    0.00    1.00    0.00    0.00    0.00    0.00   80.00

10:37:45     CPU    %usr   %nice    %sys %iowait    %irq   %soft  %steal  %guest  %gnice   %idle
10:37:46     all   18.57    0.00    0.50    0.06    0.56    0.06    0.00    0.00    0.00   80.24
10:37:46       0    0.00    0.00    0.98    0.00    0.98    0.98    0.00    0.00    0.00   97.06
10:37:46       1   28.00    0.00    0.00    0.00    1.00    0.00    0.00    0.00    0.00   71.00
10:37:46       2   28.28    0.00    1.01    1.01    1.01    0.00    0.00    0.00    0.00   68.69
10:37:46       3    0.99    0.00    1.98    0.00    0.00    0.00    0.00    0.00    0.00   97.03
10:37:46       4   29.70    0.00    0.99    0.00    0.99    0.00    0.00    0.00    0.00   68.32
10:37:46       5    0.00    0.00    0.00    0.00    0.00    0.00    0.00    0.00    0.00  100.00
10:37:46       6   24.24    0.00    1.01    0.00    1.01    0.00    0.00    0.00    0.00   73.74
10:37:46       7    0.00    0.00    0.00    0.00    0.00    0.00    0.00    0.00    0.00  100.00
10:37:46       8   15.15    0.00    0.00    0.00    0.00    0.00    0.00    0.00    0.00   84.85
10:37:46       9   16.16    0.00    0.00    0.00    0.00    0.00    0.00    0.00    0.00   83.84
10:37:46      10   29.29    0.00    0.00    0.00    1.01    0.00    0.00    0.00    0.00   69.70
10:37:46      11    0.99    0.00    0.00    0.00    0.00    0.00    0.00    0.00    0.00   99.01
10:37:46      12   60.00    0.00    2.00    0.00    1.00    0.00    0.00    0.00    0.00   37.00
10:37:46      13   36.00    0.00    0.00    0.00    1.00    0.00    0.00    0.00    0.00   63.00
10:37:46      14    1.01    0.00    0.00    0.00    0.00    0.00    0.00    0.00    0.00   98.99
10:37:46      15   28.00    0.00    0.00    0.00    1.00    0.00    0.00    0.00    0.00   71.00

10:37:46     CPU    %usr   %nice    %sys %iowait    %irq   %soft  %steal  %guest  %gnice   %idle
10:37:47     all   29.88    0.00    0.25    0.06    1.13    0.06    0.00    0.00    0.00   68.61
10:37:47       0   39.39    0.00    0.00    0.00    1.01    0.00    0.00    0.00    0.00   59.60
10:37:47       1   16.83    0.00    0.00    0.00    0.99    0.99    0.00    0.00    0.00   81.19
10:37:47       2   17.00    0.00    0.00    0.00    1.00    0.00    0.00    0.00    0.00   82.00
10:37:47       3   36.36    0.00    0.00    0.00    2.02    0.00    0.00    0.00    0.00   61.62
10:37:47       4   54.00    0.00    0.00    0.00    2.00    0.00    0.00    0.00    0.00   44.00
10:37:47       5    3.03    0.00    1.01    1.01    0.00    0.00    0.00    0.00    0.00   94.95
10:37:47       6   51.00    0.00    0.00    0.00    2.00    0.00    0.00    0.00    0.00   47.00
10:37:47       7    1.00    0.00    2.00    0.00    0.00    0.00    0.00    0.00    0.00   97.00
10:37:47       8   53.47    0.00    0.00    0.00    2.97    0.00    0.00    0.00    0.00   43.56
10:37:47       9    0.00    0.00    0.00    0.00    0.00    0.00    0.00    0.00    0.00  100.00
10:37:47      10    0.00    0.00    0.00    0.00    0.00    0.00    0.00    0.00    0.00  100.00
10:37:47      11   54.08    0.00    0.00    0.00    2.04    0.00    0.00    0.00    0.00   43.88
10:37:47      12   45.92    0.00    0.00    0.00    0.00    0.00    0.00    0.00    0.00   54.08
10:37:47      13   53.00    0.00    1.00    0.00    2.00    0.00    0.00    0.00    0.00   44.00
10:37:47      14   53.54    0.00    0.00    0.00    2.02    0.00    0.00    0.00    0.00   44.44
10:37:47      15    0.00    0.00    0.00    0.00    0.00    0.00    0.00    0.00    0.00  100.00


Average:     CPU    %usr   %nice    %sys %iowait    %irq   %soft  %steal  %guest  %gnice   %idle
Average:     all   20.64    0.00    0.50    0.04    0.73    0.04    0.00    0.00    0.00   78.05
Average:       0   19.00    0.00    0.67    0.00    0.67    0.33    0.00    0.00    0.00   79.33
Average:       1   14.95    0.00    0.33    0.00    0.66    0.33    0.00    0.00    0.00   83.72
Average:       2   20.74    0.00    0.67    0.33    1.00    0.00    0.00    0.00    0.00   77.26
Average:       3   12.33    0.00    0.67    0.00    0.67    0.00    0.00    0.00    0.00   86.33
Average:       4   34.33    0.00    0.33    0.00    1.33    0.00    0.00    0.00    0.00   64.00
Average:       5    1.33    0.00    0.33    0.33    0.00    0.00    0.00    0.00    0.00   98.00
Average:       6   28.00    0.00    0.33    0.00    1.33    0.00    0.00    0.00    0.00   70.33
Average:       7    0.33    0.00    1.00    0.00    0.00    0.00    0.00    0.00    0.00   98.67
Average:       8   28.67    0.00    0.67    0.00    1.33    0.00    0.00    0.00    0.00   69.33
Average:       9    5.35    0.00    0.00    0.00    0.00    0.00    0.00    0.00    0.00   94.65
Average:      10   15.72    0.00    0.33    0.00    0.67    0.00    0.00    0.00    0.00   83.28
Average:      11   18.12    0.00    0.00    0.00    0.67    0.00    0.00    0.00    0.00   81.21
Average:      12   49.33    0.00    1.34    0.00    0.67    0.00    0.00    0.00    0.00   48.66
Average:      13   48.49    0.00    0.67    0.00    1.34    0.00    0.00    0.00    0.00   49.50
Average:      14   18.39    0.00    0.33    0.00    0.67    0.00    0.00    0.00    0.00   80.60
Average:      15   15.33    0.00    0.33    0.00    0.67    0.00    0.00    0.00    0.00   83.67
