Linux 6.17.9-arch1-1 (arch) 	11/30/25 	_x86_64_	(16 CPU)

11:51:34     CPU    %usr   %nice    %sys %iowait    %irq   %soft  %steal  %guest  %gnice   %idle
11:51:35     all    7.19    0.00    0.50    0.00    0.19    0.00    0.00    0.00    0.00   92.12
11:51:35       0    0.00    0.00    1.01    0.00    0.00    0.00    0.00    0.00    0.00   98.99
11:51:35       1    0.00    0.00    0.99    0.00    0.00    0.00    0.00    0.00    0.00   99.01
11:51:35       2    0.99    0.00    1.98    0.00    0.99    0.00    0.00    0.00    0.00   96.04
11:51:35       3    0.00    0.00    0.00    0.00    0.00    0.00    0.00    0.00    0.00  100.00
11:51:35       4    0.99    0.00    0.99    0.00    0.00    0.00    0.00    0.00    0.00   98.02
11:51:35       5    0.00    0.00    0.00    0.00    0.00    0.00    0.00    0.00    0.00  100.00
11:51:35       6    1.00    0.00    0.00    0.00    0.00    0.00    0.00    0.00    0.00   99.00
11:51:35       7    0.00    0.00    0.00    0.00    0.00    0.00    0.00    0.00    0.00  100.00
11:51:35       8    4.00    0.00    1.00    0.00    0.00    0.00    0.00    0.00    0.00   95.00
11:51:35       9    0.00    0.00    0.00    0.00    0.00    0.00    0.00    0.00    0.00  100.00
11:51:35      10    0.00    0.00    0.00    0.00    0.00    0.00    0.00    0.00    0.00  100.00
11:51:35      11    0.00    0.00    0.00    0.00    0.00    0.00    0.00    0.00    0.00  100.00
11:51:35      12   39.39    0.00    0.00    0.00    1.01    0.00    0.00    0.00    0.00   59.60
11:51:35      13    0.00    0.00    0.00    0.00    0.00    0.00    0.00    0.00    0.00  100.00
11:51:35      14   67.68    0.00    2.02    0.00    0.00    0.00    0.00    0.00    0.00   30.30
11:51:35      15    1.98    0.00    0.00    0.00    0.99    0.00    0.00    0.00    0.00   97.03

11:51:35     CPU    %usr   %nice    %sys %iowait    %irq   %soft  %steal  %guest  %gnice   %idle
11:51:36     all    7.82    0.00    0.44    0.13    0.06    0.06    0.00    0.00    0.00   91.49
11:51:36       0    1.98    0.00    0.99    0.00    0.00    0.99    0.00    0.00    0.00   96.04
11:51:36       1    0.00    0.00    0.00    0.00    0.00    0.00    0.00    0.00    0.00  100.00
11:51:36       2    4.04    0.00    0.00    0.00    0.00    0.00    0.00    0.00    0.00   95.96
11:51:36       3    0.00    0.00    0.00    0.00    0.00    0.00    0.00    0.00    0.00  100.00
11:51:36       4    0.00    0.00    0.00    0.00    0.00    0.00    0.00    0.00    0.00  100.00
11:51:36       5    6.06    0.00    0.00    0.00    0.00    0.00    0.00    0.00    0.00   93.94
11:51:36       6    0.00    0.00    1.00    0.00    0.00    0.00    0.00    0.00    0.00   99.00
11:51:36       7    0.00    0.00    0.00    0.00    0.00    0.00    0.00    0.00    0.00  100.00
11:51:36       8    9.00    0.00    1.00    0.00    0.00    0.00    0.00    0.00    0.00   90.00
11:51:36       9    0.00    0.00    0.00    0.00    0.00    0.00    0.00    0.00    0.00  100.00
11:51:36      10    4.00    0.00    0.00    2.00    0.00    0.00    0.00    0.00    0.00   94.00
11:51:36      11    0.00    0.00    1.00    0.00    0.00    0.00    0.00    0.00    0.00   99.00
11:51:36      12   72.73    0.00    2.02    0.00    1.01    0.00    0.00    0.00    0.00   24.24
11:51:36      13    0.00    0.00    0.00    0.00    0.00    0.00    0.00    0.00    0.00  100.00
11:51:36      14    0.99    0.00    0.99    0.00    0.00    0.00    0.00    0.00    0.00   98.02
11:51:36      15   27.27    0.00    0.00    0.00    0.00    0.00    0.00    0.00    0.00   72.73

11:51:36     CPU    %usr   %nice    %sys %iowait    %irq   %soft  %steal  %guest  %gnice   %idle
11:51:37     all   10.12    0.00    0.19    0.19    0.06    0.00    0.00    0.00    0.00   89.44
11:51:37       0    1.00    0.00    1.00    1.00    0.00    0.00    0.00    0.00    0.00   97.00
11:51:37       1    0.00    0.00    0.00    0.00    0.00    0.00    0.00    0.00    0.00  100.00
11:51:37       2    0.00    0.00    0.99    0.00    0.00    0.00    0.00    0.00    0.00   99.01
11:51:37       3    0.00    0.00    0.00    0.00    0.00    0.00    0.00    0.00    0.00  100.00
11:51:37       4    0.00    0.00    0.00    0.00    0.00    0.00    0.00    0.00    0.00  100.00
11:51:37       5    0.00    0.00    0.00    0.00    0.00    0.00    0.00    0.00    0.00  100.00
11:51:37       6    0.00    0.00    0.00    0.00    0.00    0.00    0.00    0.00    0.00  100.00
11:51:37       7    0.00    0.00    0.00    0.00    0.00    0.00    0.00    0.00    0.00  100.00
11:51:37       8    4.95    0.00    0.99    1.98    0.00    0.00    0.00    0.00    0.00   92.08
11:51:37       9    0.00    0.00    0.00    0.00    0.00    0.00    0.00    0.00    0.00  100.00
11:51:37      10    0.00    0.00    0.00    0.00    0.00    0.00    0.00    0.00    0.00  100.00
11:51:37      11    0.99    0.00    0.00    0.00    0.00    0.00    0.00    0.00    0.00   99.01
11:51:37      12   20.00    0.00    0.00    0.00    0.00    0.00    0.00    0.00    0.00   80.00
11:51:37      13   44.44    0.00    0.00    0.00    0.00    0.00    0.00    0.00    0.00   55.56
11:51:37      14   41.58    0.00    0.00    0.00    0.99    0.00    0.00    0.00    0.00   57.43
11:51:37      15   49.00    0.00    0.00    0.00    0.00    0.00    0.00    0.00    0.00   51.00


Average:     CPU    %usr   %nice    %sys %iowait    %irq   %soft  %steal  %guest  %gnice   %idle
Average:     all    8.38    0.00    0.38    0.10    0.10    0.02    0.00    0.00    0.00   91.02
Average:       0    1.00    0.00    1.00    0.33    0.00    0.33    0.00    0.00    0.00   97.33
Average:       1    0.00    0.00    0.33    0.00    0.00    0.00    0.00    0.00    0.00   99.67
Average:       2    1.66    0.00    1.00    0.00    0.33    0.00    0.00    0.00    0.00   97.01
Average:       3    0.00    0.00    0.00    0.00    0.00    0.00    0.00    0.00    0.00  100.00
Average:       4    0.33    0.00    0.33    0.00    0.00    0.00    0.00    0.00    0.00   99.33
Average:       5    2.01    0.00    0.00    0.00    0.00    0.00    0.00    0.00    0.00   97.99
Average:       6    0.33    0.00    0.33    0.00    0.00    0.00    0.00    0.00    0.00   99.33
Average:       7    0.00    0.00    0.00    0.00    0.00    0.00    0.00    0.00    0.00  100.00
Average:       8    5.98    0.00    1.00    0.66    0.00    0.00    0.00    0.00    0.00   92.36
Average:       9    0.00    0.00    0.00    0.00    0.00    0.00    0.00    0.00    0.00  100.00
Average:      10    1.34    0.00    0.00    0.67    0.00    0.00    0.00    0.00    0.00   97.99
Average:      11    0.33    0.00    0.33    0.00    0.00    0.00    0.00    0.00    0.00   99.33
Average:      12   43.96    0.00    0.67    0.00    0.67    0.00    0.00    0.00    0.00   54.70
Average:      13   14.72    0.00    0.00    0.00    0.00    0.00    0.00    0.00    0.00   85.28
Average:      14   36.54    0.00    1.00    0.00    0.33    0.00    0.00    0.00    0.00   62.13
Average:      15   26.00    0.00    0.00    0.00    0.33    0.00    0.00    0.00    0.00   73.67
