Linux 6.17.9-arch1-1 (arch) 	12/07/25 	_x86_64_	(16 CPU)

17:21:20     CPU    %usr   %nice    %sys %iowait    %irq   %soft  %steal  %guest  %gnice   %idle
17:21:21     all    5.74    0.00    0.50    0.37    0.12    0.00    0.00    0.00    0.00   93.26
17:21:21       0    0.00    0.00    0.99    0.00    0.00    0.00    0.00    0.00    0.00   99.01
17:21:21       1    0.00    0.00    0.00    0.99    0.00    0.00    0.00    0.00    0.00   99.01
17:21:21       2    0.00    0.00    0.00    0.00    0.00    0.00    0.00    0.00    0.00  100.00
17:21:21       3    0.00    0.00    0.00    0.00    0.00    0.00    0.00    0.00    0.00  100.00
17:21:21       4    0.00    0.00    1.00    1.00    0.00    0.00    0.00    0.00    0.00   98.00
17:21:21       5    0.00    0.00    0.00    0.00    0.00    0.00    0.00    0.00    0.00  100.00
17:21:21       6    0.00    0.00    0.00    0.00    0.00    0.00    0.00    0.00    0.00  100.00
17:21:21       7    0.00    0.00    0.00    1.00    0.00    0.00    0.00    0.00    0.00   99.00
17:21:21       8    0.00    0.00    0.99    0.00    0.00    0.00    0.00    0.00    0.00   99.01
17:21:21       9    0.00    0.00    0.00    0.00    0.00    0.00    0.00    0.00    0.00  100.00
17:21:21      10    0.00    0.00    0.00    0.00    0.00    0.00    0.00    0.00    0.00  100.00
17:21:21      11    0.00    0.00    0.00    0.00    0.00    0.00    0.00    0.00    0.00  100.00
17:21:21      12   51.52    0.00    2.02    0.00    1.01    0.00    0.00    0.00    0.00   45.45
17:21:21      13   40.59    0.00    0.99    0.00    0.99    0.00    0.00    0.00    0.00   57.43
17:21:21      14    0.00    0.00    1.00    3.00    0.00    0.00    0.00    0.00    0.00   96.00
17:21:21      15    0.00    0.00    1.00    0.00    0.00    0.00    0.00    0.00    0.00   99.00

17:21:21     CPU    %usr   %nice    %sys %iowait    %irq   %soft  %steal  %guest  %gnice   %idle
17:21:22     all    6.12    0.00    0.19    0.00    0.06    0.00    0.00    0.00    0.00   93.63
17:21:22       0    0.00    0.00    0.00    0.00    0.00    0.00    0.00    0.00    0.00  100.00
17:21:22       1    0.00    0.00    0.00    0.00    0.00    0.00    0.00    0.00    0.00  100.00
17:21:22       2    0.00    0.00    0.00    0.00    0.00    0.00    0.00    0.00    0.00  100.00
17:21:22       3    0.00    0.00    0.00    0.00    0.00    0.00    0.00    0.00    0.00  100.00
17:21:22       4    0.00    0.00    0.00    0.00    0.00    0.00    0.00    0.00    0.00  100.00
17:21:22       5    0.00    0.00    0.00    0.00    0.00    0.00    0.00    0.00    0.00  100.00
17:21:22       6    0.00    0.00    0.00    0.00    0.00    0.00    0.00    0.00    0.00  100.00
17:21:22       7    0.00    0.00    0.00    0.00    0.00    0.00    0.00    0.00    0.00  100.00
17:21:22       8    0.00    0.00    0.00    0.00    0.00    0.00    0.00    0.00    0.00  100.00
17:21:22       9    0.00    0.00    0.00    0.00    0.00    0.00    0.00    0.00    0.00  100.00
17:21:22      10    0.00    0.00    0.00    0.00    0.00    0.00    0.00    0.00    0.00  100.00
17:21:22      11    0.00    0.00    0.00    0.00    0.00    0.00    0.00    0.00    0.00  100.00
17:21:22      12   49.50    0.00    0.99    0.00    0.00    0.00    0.00    0.00    0.00   49.50
17:21:22      13   47.00    0.00    2.00    0.00    1.00    0.00    0.00    0.00    0.00   50.00
17:21:22      14    0.99    0.00    0.00    0.00    0.00    0.00    0.00    0.00    0.00   99.01
17:21:22      15    0.00    0.00    0.00    0.00    0.00    0.00    0.00    0.00    0.00  100.00

17:21:22     CPU    %usr   %nice    %sys %iowait    %irq   %soft  %steal  %guest  %gnice   %idle
17:21:23     all    6.25    0.00    0.12    0.00    0.00    0.00    0.00    0.00    0.00   93.63
17:21:23       0    0.00    0.00    0.00    0.00    0.00    0.00    0.00    0.00    0.00  100.00
17:21:23       1    0.00    0.00    0.00    0.00    0.00    0.00    0.00    0.00    0.00  100.00
17:21:23       2    0.00    0.00    0.00    0.00    0.00    0.00    0.00    0.00    0.00  100.00
17:21:23       3    0.00    0.00    0.00    0.00    0.00    0.00    0.00    0.00    0.00  100.00
17:21:23       4    0.00    0.00    0.00    0.00    0.00    0.00    0.00    0.00    0.00  100.00
17:21:23       5    0.00    0.00    0.00    0.00    0.00    0.00    0.00    0.00    0.00  100.00
17:21:23       6    0.00    0.00    0.00    0.00    0.00    0.00    0.00    0.00    0.00  100.00
17:21:23       7    0.98    0.00    0.98    0.00    0.00    0.00    0.00    0.00    0.00   98.04
17:21:23       8    0.00    0.00    0.00    0.00    0.00    0.00    0.00    0.00    0.00  100.00
17:21:23       9    0.00    0.00    0.00    0.00    0.00    0.00    0.00    0.00    0.00  100.00
17:21:23      10    0.00    0.00    0.99    0.00    0.00    0.00    0.00    0.00    0.00   99.01
17:21:23      11    0.00    0.00    0.00    0.00    0.00    0.00    0.00    0.00    0.00  100.00
17:21:23      12    0.00    0.00    0.00    0.00    0.00    0.00    0.00    0.00    0.00  100.00
17:21:23      13  100.00    0.00    0.00    0.00    0.00    0.00    0.00    0.00    0.00    0.00
17:21:23      14    0.00    0.00    0.00    0.00    0.00    0.00    0.00    0.00    0.00  100.00
17:21:23      15    0.00    0.00    0.00    0.00    0.00    0.00    0.00    0.00    0.00  100.00

17:21:23     CPU    %usr   %nice    %sys %iowait    %irq   %soft  %steal  %guest  %gnice   %idle
17:21:24     all    5.95    0.00    0.50    0.19    0.13    0.00    0.00    0.00    0.00   93.24
17:21:24       0    0.00    0.00    0.00    0.00    0.00    0.00    0.00    0.00    0.00  100.00
17:21:24       1    0.00    0.00    0.00    0.00    0.00    0.00    0.00    0.00    0.00  100.00
17:21:24       2    0.00    0.00    1.00    0.00    0.00    0.00    0.00    0.00    0.00   99.00
17:21:24       3    0.00    0.00    0.00    0.00    0.00    0.00    0.00    0.00    0.00  100.00
17:21:24       4    0.00    0.00    1.00    0.00    0.00    0.00    0.00    0.00    0.00   99.00
17:21:24       5    0.00    0.00    0.00    0.00    0.00    0.00    0.00    0.00    0.00  100.00
17:21:24       6    0.00    0.00    0.00    0.00    0.00    0.00    0.00    0.00    0.00  100.00
17:21:24       7    0.00    0.00    0.00    0.00    0.00    0.00    0.00    0.00    0.00  100.00
17:21:24       8    0.00    0.00    0.99    0.99    0.00    0.00    0.00    0.00    0.00   98.02
17:21:24       9    0.00    0.00    0.00    0.00    0.00    0.00    0.00    0.00    0.00  100.00
17:21:24      10    1.00    0.00    0.00    0.00    0.00    0.00    0.00    0.00    0.00   99.00
17:21:24      11    0.00    0.00    0.00    0.00    0.00    0.00    0.00    0.00    0.00  100.00
17:21:24      12   90.91    0.00    4.04    0.00    1.01    0.00    0.00    0.00    0.00    4.04
17:21:24      13    3.96    0.00    0.00    0.00    0.99    0.00    0.00    0.00    0.00   95.05
17:21:24      14    0.00    0.00    1.00    2.00    0.00    0.00    0.00    0.00    0.00   97.00
17:21:24      15    0.00    0.00    0.00    0.00    0.00    0.00    0.00    0.00    0.00  100.00

17:21:24     CPU    %usr   %nice    %sys %iowait    %irq   %soft  %steal  %guest  %gnice   %idle
17:21:25     all    6.18    0.00    0.00    0.06    0.12    0.00    0.00    0.00    0.00   93.63
17:21:25       0    0.00    0.00    0.00    0.99    0.00    0.00    0.00    0.00    0.00   99.01
17:21:25       1    0.00    0.00    0.00    0.00    0.00    0.00    0.00    0.00    0.00  100.00
17:21:25       2    0.00    0.00    0.00    0.00    0.00    0.00    0.00    0.00    0.00  100.00
17:21:25       3    0.00    0.00    0.00    0.00    0.00    0.00    0.00    0.00    0.00  100.00
17:21:25       4    0.00    0.00    0.00    0.00    0.99    0.00    0.00    0.00    0.00   99.01
17:21:25       5    0.00    0.00    0.00    0.00    0.00    0.00    0.00    0.00    0.00  100.00
17:21:25       6    0.00    0.00    0.00    0.00    0.00    0.00    0.00    0.00    0.00  100.00
17:21:25       7    0.00    0.00    0.00    0.00    0.00    0.00    0.00    0.00    0.00  100.00
17:21:25       8    0.00    0.00    0.00    0.00    0.00    0.00    0.00    0.00    0.00  100.00
17:21:25       9    0.00    0.00    0.00    0.00    0.00    0.00    0.00    0.00    0.00  100.00
17:21:25      10    0.00    0.00    0.00    0.00    0.00    0.00    0.00    0.00    0.00  100.00
17:21:25      11    0.00    0.00    0.00    0.00    0.00    0.00    0.00    0.00    0.00  100.00
17:21:25      12   99.00    0.00    0.00    0.00    1.00    0.00    0.00    0.00    0.00    0.00
17:21:25      13    0.00    0.00    0.00    0.00    0.00    0.00    0.00    0.00    0.00  100.00
17:21:25      14    0.00    0.00    0.00    0.00    0.00    0.00    0.00    0.00    0.00  100.00
17:21:25      15    0.00    0.00    0.00    0.00    0.00    0.00    0.00    0.00    0.00  100.00

17:21:25     CPU    %usr   %nice    %sys %iowait    %irq   %soft  %steal  %guest  %gnice   %idle
17:21:26     all    6.25    0.00    0.06    0.19    0.06    0.00    0.00    0.00    0.00   93.44
17:21:26       0    0.00    0.00    0.00    0.00    0.00    0.00    0.00    0.00    0.00  100.00
17:21:26       1    0.00    0.00    0.00    0.00    0.00    0.00    0.00    0.00    0.00  100.00
17:21:26       2    0.00    0.00    0.00    0.00    0.00    0.00    0.00    0.00    0.00  100.00
17:21:26       3    0.00    0.00    0.00    0.00    0.00    0.00    0.00    0.00    0.00  100.00
17:21:26       4    0.00    0.00    0.00    0.00    0.00    0.00    0.00    0.00    0.00  100.00
17:21:26       5    0.00    0.00    0.00    0.00    0.00    0.00    0.00    0.00    0.00  100.00
17:21:26       6    0.00    0.00    0.00    0.00    0.00    0.00    0.00    0.00    0.00  100.00
17:21:26       7    0.00    0.00    0.00    0.00    0.00    0.00    0.00    0.00    0.00  100.00
17:21:26       8    0.00    0.00    0.99    0.00    0.00    0.00    0.00    0.00    0.00   99.01
17:21:26       9    0.00    0.00    0.00    0.00    0.00    0.00    0.00    0.00    0.00  100.00
17:21:26      10    0.00    0.00    0.00    0.00    0.00    0.00    0.00    0.00    0.00  100.00
17:21:26      11    0.00    0.00    0.00    0.00    0.00    0.00    0.00    0.00    0.00  100.00
17:21:26      12   99.00    0.00    0.00    0.00    1.00    0.00    0.00    0.00    0.00    0.00
17:21:26      13    0.00    0.00    0.00    0.00    0.00    0.00    0.00    0.00    0.00  100.00
17:21:26      14    1.00    0.00    0.00    3.00    0.00    0.00    0.00    0.00    0.00   96.00
17:21:26      15    0.00    0.00    0.00    0.00    0.00    0.00    0.00    0.00    0.00  100.00


Average:     CPU    %usr   %nice    %sys %iowait    %irq   %soft  %steal  %guest  %gnice   %idle
Average:     all    6.08    0.00    0.23    0.14    0.08    0.00    0.00    0.00    0.00   93.47
Average:       0    0.00    0.00    0.17    0.17    0.00    0.00    0.00    0.00    0.00   99.67
Average:       1    0.00    0.00    0.00    0.17    0.00    0.00    0.00    0.00    0.00   99.83
Average:       2    0.00    0.00    0.17    0.00    0.00    0.00    0.00    0.00    0.00   99.83
Average:       3    0.00    0.00    0.00    0.00    0.00    0.00    0.00    0.00    0.00  100.00
Average:       4    0.00    0.00    0.33    0.17    0.17    0.00    0.00    0.00    0.00   99.33
Average:       5    0.00    0.00    0.00    0.00    0.00    0.00    0.00    0.00    0.00  100.00
Average:       6    0.00    0.00    0.00    0.00    0.00    0.00    0.00    0.00    0.00  100.00
Average:       7    0.17    0.00    0.17    0.17    0.00    0.00    0.00    0.00    0.00   99.50
Average:       8    0.00    0.00    0.50    0.17    0.00    0.00    0.00    0.00    0.00   99.33
Average:       9    0.00    0.00    0.00    0.00    0.00    0.00    0.00    0.00    0.00  100.00
Average:      10    0.17    0.00    0.17    0.00    0.00    0.00    0.00    0.00    0.00   99.67
Average:      11    0.00    0.00    0.00    0.00    0.00    0.00    0.00    0.00    0.00  100.00
Average:      12   64.94    0.00    1.17    0.00    0.67    0.00    0.00    0.00    0.00   33.22
Average:      13   31.78    0.00    0.50    0.00    0.50    0.00    0.00    0.00    0.00   67.22
Average:      14    0.33    0.00    0.33    1.33    0.00    0.00    0.00    0.00    0.00   98.00
Average:      15    0.00    0.00    0.17    0.00    0.00    0.00    0.00    0.00    0.00   99.83
