Linux 6.17.9-arch1-1 (arch) 	12/07/25 	_x86_64_	(16 CPU)

17:21:48     CPU    %usr   %nice    %sys %iowait    %irq   %soft  %steal  %guest  %gnice   %idle
17:21:49     all   11.85    0.00    1.25    0.25    0.12    0.00    0.00    0.00    0.00   86.53
17:21:49       0    0.00    0.00    0.00    0.00    0.00    0.00    0.00    0.00    0.00  100.00
17:21:49       2    0.98    0.00    0.98    0.00    0.00    0.00    0.00    0.00    0.00   98.04
17:21:49       4    0.00    0.00    2.00    0.00    0.00    0.00    0.00    0.00    0.00   98.00
17:21:49       6    0.00    0.00    0.99    0.00    0.00    0.00    0.00    0.00    0.00   99.01
17:21:49       8    0.00    0.00    1.00    0.00    0.00    0.00    0.00    0.00    0.00   99.00
17:21:49      10    0.00    0.00    1.00    0.00    0.00    0.00    0.00    0.00    0.00   99.00
17:21:49      12    1.00    0.00    1.00    2.00    0.00    0.00    0.00    0.00    0.00   96.00
17:21:49      14   93.00    0.00    3.00    0.00    1.00    0.00    0.00    0.00    0.00    3.00

17:21:49     CPU    %usr   %nice    %sys %iowait    %irq   %soft  %steal  %guest  %gnice   %idle
17:21:50     all   12.11    0.00    0.37    0.12    0.12    0.12    0.00    0.00    0.00   87.14
17:21:50       0    0.00    0.00    0.00    0.00    0.00    0.00    0.00    0.00    0.00  100.00
17:21:50       2    0.00    0.00    0.00    0.00    0.00    0.00    0.00    0.00    0.00  100.00
17:21:50       4    0.00    0.00    0.00    0.00    0.00    0.00    0.00    0.00    0.00  100.00
17:21:50       6    0.00    0.00    0.00    0.00    0.00    0.00    0.00    0.00    0.00  100.00
17:21:50       8    0.00    0.00    0.00    0.00    0.00    0.00    0.00    0.00    0.00  100.00
17:21:50      10    0.00    0.00    0.00    0.00    0.00    0.00    0.00    0.00    0.00  100.00
17:21:50      12    0.00    0.00    0.99    0.99    0.00    0.00    0.00    0.00    0.00   98.02
17:21:50      14   96.04    0.00    1.98    0.00    0.99    0.99    0.00    0.00    0.00    0.00

17:21:50     CPU    %usr   %nice    %sys %iowait    %irq   %soft  %steal  %guest  %gnice   %idle
17:21:51     all   12.28    0.00    0.25    0.25    0.13    0.00    0.00    0.00    0.00   87.09
17:21:51       0    0.00    0.00    0.00    0.00    0.00    0.00    0.00    0.00    0.00  100.00
17:21:51       2    0.00    0.00    0.00    0.00    0.00    0.00    0.00    0.00    0.00  100.00
17:21:51       4    0.00    0.00    0.00    0.00    0.00    0.00    0.00    0.00    0.00  100.00
17:21:51       6    0.00    0.00    0.00    0.00    0.00    0.00    0.00    0.00    0.00  100.00
17:21:51       8    1.00    0.00    0.00    2.00    0.00    0.00    0.00    0.00    0.00   97.00
17:21:51      10    0.00    0.00    0.00    0.00    0.00    0.00    0.00    0.00    0.00  100.00
17:21:51      12    0.00    0.00    0.00    0.00    0.00    0.00    0.00    0.00    0.00  100.00
17:21:51      14   97.00    0.00    2.00    0.00    1.00    0.00    0.00    0.00    0.00    0.00

17:21:51     CPU    %usr   %nice    %sys %iowait    %irq   %soft  %steal  %guest  %gnice   %idle
17:21:52     all   12.14    0.00    0.38    0.00    0.00    0.00    0.00    0.00    0.00   87.48
17:21:52       0    0.00    0.00    0.99    0.00    0.00    0.00    0.00    0.00    0.00   99.01
17:21:52       2    0.00    0.00    0.00    0.00    0.00    0.00    0.00    0.00    0.00  100.00
17:21:52       4    0.00    0.00    0.00    0.00    0.00    0.00    0.00    0.00    0.00  100.00
17:21:52       6    0.00    0.00    0.00    0.00    0.00    0.00    0.00    0.00    0.00  100.00
17:21:52       8    0.00    0.00    0.00    0.00    0.00    0.00    0.00    0.00    0.00  100.00
17:21:52      10    0.00    0.00    0.00    0.00    0.00    0.00    0.00    0.00    0.00  100.00
17:21:52      12    0.00    0.00    0.00    0.00    0.00    0.00    0.00    0.00    0.00  100.00
17:21:52      14   97.98    0.00    2.02    0.00    0.00    0.00    0.00    0.00    0.00    0.00

17:21:52     CPU    %usr   %nice    %sys %iowait    %irq   %soft  %steal  %guest  %gnice   %idle
17:21:53     all   12.50    0.00    0.25    0.00    0.25    0.00    0.00    0.00    0.00   87.00
17:21:53       0    0.00    0.00    0.00    0.00    0.99    0.00    0.00    0.00    0.00   99.01
17:21:53       2    0.00    0.00    0.00    0.00    0.00    0.00    0.00    0.00    0.00  100.00
17:21:53       4    0.00    0.00    0.00    0.00    0.00    0.00    0.00    0.00    0.00  100.00
17:21:53       6    0.00    0.00    0.00    0.00    0.00    0.00    0.00    0.00    0.00  100.00
17:21:53       8    0.00    0.00    1.00    0.00    0.00    0.00    0.00    0.00    0.00   99.00
17:21:53      10    1.00    0.00    0.00    0.00    0.00    0.00    0.00    0.00    0.00   99.00
17:21:53      12    0.00    0.00    0.99    0.00    0.00    0.00    0.00    0.00    0.00   99.01
17:21:53      14   99.00    0.00    0.00    0.00    1.00    0.00    0.00    0.00    0.00    0.00

17:21:53     CPU    %usr   %nice    %sys %iowait    %irq   %soft  %steal  %guest  %gnice   %idle
17:21:54     all   12.64    0.00    0.25    0.13    0.13    0.00    0.00    0.00    0.00   86.86
17:21:54       0    1.00    0.00    0.00    0.00    0.00    0.00    0.00    0.00    0.00   99.00
17:21:54       2    0.00    0.00    0.99    0.00    0.00    0.00    0.00    0.00    0.00   99.01
17:21:54       4    0.00    0.00    0.00    0.00    0.00    0.00    0.00    0.00    0.00  100.00
17:21:54       6    0.00    0.00    0.00    0.00    0.00    0.00    0.00    0.00    0.00  100.00
17:21:54       8    1.01    0.00    0.00    1.01    0.00    0.00    0.00    0.00    0.00   97.98
17:21:54      10    0.00    0.00    0.00    0.00    0.00    0.00    0.00    0.00    0.00  100.00
17:21:54      12    0.00    0.00    1.01    0.00    0.00    0.00    0.00    0.00    0.00   98.99
17:21:54      14   99.00    0.00    0.00    0.00    1.00    0.00    0.00    0.00    0.00    0.00


Average:     CPU    %usr   %nice    %sys %iowait    %irq   %soft  %steal  %guest  %gnice   %idle
Average:     all   12.25    0.00    0.46    0.13    0.13    0.02    0.00    0.00    0.00   87.02
Average:       0    0.17    0.00    0.17    0.00    0.17    0.00    0.00    0.00    0.00   99.50
Average:       2    0.17    0.00    0.33    0.00    0.00    0.00    0.00    0.00    0.00   99.50
Average:       4    0.00    0.00    0.33    0.00    0.00    0.00    0.00    0.00    0.00   99.67
Average:       6    0.00    0.00    0.17    0.00    0.00    0.00    0.00    0.00    0.00   99.83
Average:       8    0.33    0.00    0.33    0.50    0.00    0.00    0.00    0.00    0.00   98.83
Average:      10    0.17    0.00    0.17    0.00    0.00    0.00    0.00    0.00    0.00   99.67
Average:      12    0.17    0.00    0.67    0.50    0.00    0.00    0.00    0.00    0.00   98.66
Average:      14   97.00    0.00    1.50    0.00    0.83    0.17    0.00    0.00    0.00    0.50
