Linux 6.17.9-arch1-1 (arch) 	12/07/25 	_x86_64_	(16 CPU)

17:21:38     CPU    %usr   %nice    %sys %iowait    %irq   %soft  %steal  %guest  %gnice   %idle
17:21:39     all   48.65    0.00    0.75    0.06    1.38    0.00    0.00    0.00    0.00   49.15
17:21:39       0   64.65    0.00    0.00    0.00    2.02    0.00    0.00    0.00    0.00   33.33
17:21:39       1   64.00    0.00    2.00    0.00    2.00    0.00    0.00    0.00    0.00   32.00
17:21:39       2   66.67    0.00    0.00    0.00    2.02    0.00    0.00    0.00    0.00   31.31
17:21:39       3   61.62    0.00    1.01    0.00    1.01    0.00    0.00    0.00    0.00   36.36
17:21:39       4   60.61    0.00    0.00    1.01    2.02    0.00    0.00    0.00    0.00   36.36
17:21:39       5   63.64    0.00    0.00    0.00    2.02    0.00    0.00    0.00    0.00   34.34
17:21:39       6   64.65    0.00    0.00    0.00    2.02    0.00    0.00    0.00    0.00   33.33
17:21:39       7   60.00    0.00    0.00    0.00    2.00    0.00    0.00    0.00    0.00   38.00
17:21:39       8   68.00    0.00    3.00    0.00    2.00    0.00    0.00    0.00    0.00   27.00
17:21:39       9   73.74    0.00    3.03    0.00    2.02    0.00    0.00    0.00    0.00   21.21
17:21:39      10   64.65    0.00    1.01    0.00    1.01    0.00    0.00    0.00    0.00   33.33
17:21:39      11   66.67    0.00    0.00    0.00    2.02    0.00    0.00    0.00    0.00   31.31
17:21:39      12    0.00    0.00    2.00    0.00    0.00    0.00    0.00    0.00    0.00   98.00
17:21:39      13    0.00    0.00    0.00    0.00    0.00    0.00    0.00    0.00    0.00  100.00
17:21:39      14    1.00    0.00    0.00    0.00    0.00    0.00    0.00    0.00    0.00   99.00
17:21:39      15    0.00    0.00    0.00    0.00    0.00    0.00    0.00    0.00    0.00  100.00

17:21:39     CPU    %usr   %nice    %sys %iowait    %irq   %soft  %steal  %guest  %gnice   %idle
17:21:40     all   61.25    0.00    0.69    0.00    1.88    0.12    0.00    0.00    0.00   36.06
17:21:40       0   81.82    0.00    0.00    0.00    2.02    0.00    0.00    0.00    0.00   16.16
17:21:40       1   84.00    0.00    1.00    0.00    2.00    0.00    0.00    0.00    0.00   13.00
17:21:40       2   83.00    0.00    0.00    0.00    3.00    0.00    0.00    0.00    0.00   14.00
17:21:40       3   84.00    0.00    0.00    0.00    3.00    0.00    0.00    0.00    0.00   13.00
17:21:40       4   81.00    0.00    0.00    0.00    3.00    0.00    0.00    0.00    0.00   16.00
17:21:40       5   81.82    0.00    0.00    0.00    2.02    0.00    0.00    0.00    0.00   16.16
17:21:40       6   76.24    0.00    0.99    0.00    1.98    0.00    0.00    0.00    0.00   20.79
17:21:40       7   83.00    0.00    0.00    0.00    2.00    0.00    0.00    0.00    0.00   15.00
17:21:40       8   84.16    0.00    0.00    0.00    2.97    0.00    0.00    0.00    0.00   12.87
17:21:40       9   80.20    0.00    1.98    0.00    2.97    0.00    0.00    0.00    0.00   14.85
17:21:40      10   85.00    0.00    0.00    0.00    3.00    0.00    0.00    0.00    0.00   12.00
17:21:40      11   74.00    0.00    1.00    0.00    2.00    0.00    0.00    0.00    0.00   23.00
17:21:40      12    0.00    0.00    1.01    0.00    0.00    1.01    0.00    0.00    0.00   97.98
17:21:40      13    0.99    0.00    0.99    0.00    0.00    0.99    0.00    0.00    0.00   97.03
17:21:40      14    0.00    0.00    1.00    0.00    0.00    0.00    0.00    0.00    0.00   99.00
17:21:40      15    0.00    0.00    3.03    0.00    0.00    0.00    0.00    0.00    0.00   96.97

17:21:40     CPU    %usr   %nice    %sys %iowait    %irq   %soft  %steal  %guest  %gnice   %idle
17:21:41     all   49.84    0.00    0.69    0.06    0.94    0.13    0.00    0.00    0.00   48.34
17:21:41       0   67.00    0.00    0.00    0.00    1.00    1.00    0.00    0.00    0.00   31.00
17:21:41       1   68.63    0.00    0.00    0.00    1.96    0.98    0.00    0.00    0.00   28.43
17:21:41       2   69.00    0.00    0.00    0.00    1.00    0.00    0.00    0.00    0.00   30.00
17:21:41       3   63.00    0.00    0.00    0.00    1.00    0.00    0.00    0.00    0.00   36.00
17:21:41       4   69.00    0.00    0.00    0.00    1.00    0.00    0.00    0.00    0.00   30.00
17:21:41       5   61.00    0.00    0.00    0.00    1.00    0.00    0.00    0.00    0.00   38.00
17:21:41       6   56.57    0.00    0.00    0.00    1.01    0.00    0.00    0.00    0.00   42.42
17:21:41       7   66.00    0.00    0.00    0.00    2.00    0.00    0.00    0.00    0.00   32.00
17:21:41       8   73.47    0.00    0.00    0.00    1.02    0.00    0.00    0.00    0.00   25.51
17:21:41       9   70.00    0.00    4.00    0.00    1.00    0.00    0.00    0.00    0.00   25.00
17:21:41      10   64.00    0.00    0.00    0.00    1.00    0.00    0.00    0.00    0.00   35.00
17:21:41      11   67.33    0.00    0.00    0.00    1.98    0.00    0.00    0.00    0.00   30.69
17:21:41      12    1.00    0.00    5.00    1.00    0.00    0.00    0.00    0.00    0.00   93.00
17:21:41      13    0.00    0.00    0.00    0.00    0.00    0.00    0.00    0.00    0.00  100.00
17:21:41      14    0.00    0.00    1.00    0.00    0.00    0.00    0.00    0.00    0.00   99.00
17:21:41      15    1.01    0.00    1.01    0.00    0.00    0.00    0.00    0.00    0.00   97.98

17:21:41     CPU    %usr   %nice    %sys %iowait    %irq   %soft  %steal  %guest  %gnice   %idle
17:21:42     all   69.59    0.00    0.19    0.06    2.25    0.06    0.00    0.00    0.00   27.85
17:21:42       0   91.00    0.00    0.00    0.00    3.00    0.00    0.00    0.00    0.00    6.00
17:21:42       1   94.95    0.00    0.00    0.00    3.03    0.00    0.00    0.00    0.00    2.02
17:21:42       2   86.14    0.00    0.00    0.00    2.97    0.99    0.00    0.00    0.00    9.90
17:21:42       3   95.00    0.00    0.00    0.00    3.00    0.00    0.00    0.00    0.00    2.00
17:21:42       4   96.00    0.00    0.00    0.00    3.00    0.00    0.00    0.00    0.00    1.00
17:21:42       5   87.00    0.00    0.00    0.00    3.00    0.00    0.00    0.00    0.00   10.00
17:21:42       6   93.00    0.00    0.00    0.00    3.00    0.00    0.00    0.00    0.00    4.00
17:21:42       7   95.05    0.00    0.99    0.00    2.97    0.00    0.00    0.00    0.00    0.99
17:21:42       8   94.00    0.00    0.00    0.00    3.00    0.00    0.00    0.00    0.00    3.00
17:21:42       9   87.00    0.00    0.00    0.00    3.00    0.00    0.00    0.00    0.00   10.00
17:21:42      10   96.97    0.00    0.00    0.00    3.03    0.00    0.00    0.00    0.00    0.00
17:21:42      11   95.00    0.00    0.00    0.00    3.00    0.00    0.00    0.00    0.00    2.00
17:21:42      12    0.00    0.00    1.01    0.00    0.00    0.00    0.00    0.00    0.00   98.99
17:21:42      13    1.01    0.00    0.00    1.01    0.00    0.00    0.00    0.00    0.00   97.98
17:21:42      14    0.00    0.00    0.00    0.00    0.00    0.00    0.00    0.00    0.00  100.00
17:21:42      15    0.00    0.00    1.00    0.00    0.00    0.00    0.00    0.00    0.00   99.00


Average:     CPU    %usr   %nice    %sys %iowait    %irq   %soft  %steal  %guest  %gnice   %idle
Average:     all   57.34    0.00    0.58    0.05    1.61    0.08    0.00    0.00    0.00   40.34
Average:       0   76.13    0.00    0.00    0.00    2.01    0.25    0.00    0.00    0.00   21.61
Average:       1   77.81    0.00    0.75    0.00    2.24    0.25    0.00    0.00    0.00   18.95
Average:       2   76.25    0.00    0.00    0.00    2.25    0.25    0.00    0.00    0.00   21.25
Average:       3   75.94    0.00    0.25    0.00    2.01    0.00    0.00    0.00    0.00   21.80
Average:       4   76.69    0.00    0.00    0.25    2.26    0.00    0.00    0.00    0.00   20.80
Average:       5   73.37    0.00    0.00    0.00    2.01    0.00    0.00    0.00    0.00   24.62
Average:       6   72.68    0.00    0.25    0.00    2.01    0.00    0.00    0.00    0.00   25.06
Average:       7   76.06    0.00    0.25    0.00    2.24    0.00    0.00    0.00    0.00   21.45
Average:       8   79.95    0.00    0.75    0.00    2.26    0.00    0.00    0.00    0.00   17.04
Average:       9   77.75    0.00    2.25    0.00    2.25    0.00    0.00    0.00    0.00   17.75
Average:      10   77.64    0.00    0.25    0.00    2.01    0.00    0.00    0.00    0.00   20.10
Average:      11   75.75    0.00    0.25    0.00    2.25    0.00    0.00    0.00    0.00   21.75
Average:      12    0.25    0.00    2.26    0.25    0.00    0.25    0.00    0.00    0.00   96.98
Average:      13    0.50    0.00    0.25    0.25    0.00    0.25    0.00    0.00    0.00   98.75
Average:      14    0.25    0.00    0.50    0.00    0.00    0.00    0.00    0.00    0.00   99.25
Average:      15    0.25    0.00    1.26    0.00    0.00    0.00    0.00    0.00    0.00   98.49
