Linux 6.17.9-arch1-1 (arch) 	11/30/25 	_x86_64_	(16 CPU)

11:44:25     CPU    %usr   %nice    %sys %iowait    %irq   %soft  %steal  %guest  %gnice   %idle
11:44:26     all    5.93    0.00    0.25    0.12    0.12    0.00    0.00    0.00    0.00   93.57
11:44:26       0    0.00    0.00    0.00    0.00    0.00    0.00    0.00    0.00    0.00  100.00
11:44:26       1    0.00    0.00    0.00    0.00    0.00    0.00    0.00    0.00    0.00  100.00
11:44:26       2    0.99    0.00    0.99    0.00    0.00    0.00    0.00    0.00    0.00   98.02
11:44:26       3    0.00    0.00    0.00    0.00    0.00    0.00    0.00    0.00    0.00  100.00
11:44:26       4    1.00    0.00    0.00    0.00    0.00    0.00    0.00    0.00    0.00   99.00
11:44:26       5    0.00    0.00    0.00    0.00    0.00    0.00    0.00    0.00    0.00  100.00
11:44:26       6    0.00    0.00    0.00    0.00    0.00    0.00    0.00    0.00    0.00  100.00
11:44:26       7    0.00    0.00    0.00    0.00    0.00    0.00    0.00    0.00    0.00  100.00
11:44:26       8    1.00    0.00    0.00    0.00    0.00    0.00    0.00    0.00    0.00   99.00
11:44:26       9    0.00    0.00    0.00    0.00    0.00    0.00    0.00    0.00    0.00  100.00
11:44:26      10    1.01    0.00    0.00    0.00    0.00    0.00    0.00    0.00    0.00   98.99
11:44:26      11    0.00    0.00    0.00    0.00    0.00    0.00    0.00    0.00    0.00  100.00
11:44:26      12    0.00    0.00    0.00    0.99    0.00    0.00    0.00    0.00    0.00   99.01
11:44:26      13    0.00    0.00    0.00    0.00    0.00    0.00    0.00    0.00    0.00  100.00
11:44:26      14    9.90    0.00    0.99    0.99    0.99    0.00    0.00    0.00    0.00   87.13
11:44:26      15   81.82    0.00    2.02    0.00    1.01    0.00    0.00    0.00    0.00   15.15

11:44:26     CPU    %usr   %nice    %sys %iowait    %irq   %soft  %steal  %guest  %gnice   %idle
11:44:27     all    6.07    0.00    0.25    0.19    0.06    0.00    0.00    0.00    0.00   93.43
11:44:27       0    0.00    0.00    0.00    0.00    0.00    0.00    0.00    0.00    0.00  100.00
11:44:27       1    0.00    0.00    0.00    0.00    0.00    0.00    0.00    0.00    0.00  100.00
11:44:27       2    0.00    0.00    0.00    0.00    0.00    0.00    0.00    0.00    0.00  100.00
11:44:27       3    0.00    0.00    0.00    0.00    0.00    0.00    0.00    0.00    0.00  100.00
11:44:27       4    0.00    0.00    0.00    2.00    0.00    0.00    0.00    0.00    0.00   98.00
11:44:27       5    0.00    0.00    0.00    0.00    0.00    0.00    0.00    0.00    0.00  100.00
11:44:27       6    0.00    0.00    0.99    0.00    0.00    0.00    0.00    0.00    0.00   99.01
11:44:27       7    0.00    0.00    0.00    0.00    0.00    0.00    0.00    0.00    0.00  100.00
11:44:27       8    0.00    0.00    0.00    0.00    0.00    0.00    0.00    0.00    0.00  100.00
11:44:27       9    0.00    0.00    0.00    0.00    0.00    0.00    0.00    0.00    0.00  100.00
11:44:27      10    0.00    0.00    0.00    0.00    0.00    0.00    0.00    0.00    0.00  100.00
11:44:27      11    0.00    0.00    0.00    0.00    0.00    0.00    0.00    0.00    0.00  100.00
11:44:27      12    0.00    0.00    1.01    1.01    0.00    0.00    0.00    0.00    0.00   97.98
11:44:27      13    0.00    0.00    0.00    0.00    0.00    0.00    0.00    0.00    0.00  100.00
11:44:27      14    0.00    0.00    0.00    0.00    0.00    0.00    0.00    0.00    0.00  100.00
11:44:27      15   97.00    0.00    2.00    0.00    1.00    0.00    0.00    0.00    0.00    0.00

11:44:27     CPU    %usr   %nice    %sys %iowait    %irq   %soft  %steal  %guest  %gnice   %idle
11:44:28     all    6.19    0.00    0.25    0.31    0.06    0.00    0.00    0.00    0.00   93.19
11:44:28       0    0.00    0.00    0.00    0.00    0.00    0.00    0.00    0.00    0.00  100.00
11:44:28       1    0.00    0.00    0.00    0.00    0.00    0.00    0.00    0.00    0.00  100.00
11:44:28       2    0.00    0.00    0.00    0.00    0.00    0.00    0.00    0.00    0.00  100.00
11:44:28       3    0.00    0.00    0.00    0.00    0.00    0.00    0.00    0.00    0.00  100.00
11:44:28       4    0.00    0.00    2.02    3.03    0.00    0.00    0.00    0.00    0.00   94.95
11:44:28       5    0.00    0.00    0.00    0.00    0.00    0.00    0.00    0.00    0.00  100.00
11:44:28       6    0.00    0.00    0.00    0.00    0.00    0.00    0.00    0.00    0.00  100.00
11:44:28       7    0.00    0.00    0.00    0.00    0.00    0.00    0.00    0.00    0.00  100.00
11:44:28       8    0.00    0.00    2.00    2.00    0.00    0.00    0.00    0.00    0.00   96.00
11:44:28       9    0.00    0.00    0.00    0.00    0.00    0.00    0.00    0.00    0.00  100.00
11:44:28      10    0.00    0.00    0.00    0.00    0.00    0.00    0.00    0.00    0.00  100.00
11:44:28      11    0.00    0.00    0.00    0.00    0.00    0.00    0.00    0.00    0.00  100.00
11:44:28      12    0.00    0.00    0.00    0.00    0.00    0.00    0.00    0.00    0.00  100.00
11:44:28      13    0.00    0.00    0.00    0.00    0.00    0.00    0.00    0.00    0.00  100.00
11:44:28      14    0.00    0.00    0.00    0.00    0.00    0.00    0.00    0.00    0.00  100.00
11:44:28      15   99.00    0.00    0.00    0.00    1.00    0.00    0.00    0.00    0.00    0.00


Average:     CPU    %usr   %nice    %sys %iowait    %irq   %soft  %steal  %guest  %gnice   %idle
Average:     all    6.06    0.00    0.25    0.21    0.08    0.00    0.00    0.00    0.00   93.39
Average:       0    0.00    0.00    0.00    0.00    0.00    0.00    0.00    0.00    0.00  100.00
Average:       1    0.00    0.00    0.00    0.00    0.00    0.00    0.00    0.00    0.00  100.00
Average:       2    0.33    0.00    0.33    0.00    0.00    0.00    0.00    0.00    0.00   99.34
Average:       3    0.00    0.00    0.00    0.00    0.00    0.00    0.00    0.00    0.00  100.00
Average:       4    0.33    0.00    0.67    1.67    0.00    0.00    0.00    0.00    0.00   97.32
Average:       5    0.00    0.00    0.00    0.00    0.00    0.00    0.00    0.00    0.00  100.00
Average:       6    0.00    0.00    0.33    0.00    0.00    0.00    0.00    0.00    0.00   99.67
Average:       7    0.00    0.00    0.00    0.00    0.00    0.00    0.00    0.00    0.00  100.00
Average:       8    0.33    0.00    0.67    0.67    0.00    0.00    0.00    0.00    0.00   98.33
Average:       9    0.00    0.00    0.00    0.00    0.00    0.00    0.00    0.00    0.00  100.00
Average:      10    0.33    0.00    0.00    0.00    0.00    0.00    0.00    0.00    0.00   99.67
Average:      11    0.00    0.00    0.00    0.00    0.00    0.00    0.00    0.00    0.00  100.00
Average:      12    0.00    0.00    0.33    0.67    0.00    0.00    0.00    0.00    0.00   99.00
Average:      13    0.00    0.00    0.00    0.00    0.00    0.00    0.00    0.00    0.00  100.00
Average:      14    3.33    0.00    0.33    0.33    0.33    0.00    0.00    0.00    0.00   95.67
Average:      15   92.64    0.00    1.34    0.00    1.00    0.00    0.00    0.00    0.00    5.02
