Linux 6.17.9-arch1-1 (arch) 	11/30/25 	_x86_64_	(16 CPU)

11:44:49     CPU    %usr   %nice    %sys %iowait    %irq   %soft  %steal  %guest  %gnice   %idle
11:44:50     all   21.49    0.00    0.87    0.06    0.87    0.06    0.00    0.00    0.00   76.64
11:44:50       0   19.00    0.00    1.00    0.00    1.00    0.00    0.00    0.00    0.00   79.00
11:44:50       1   16.16    0.00    0.00    0.00    1.01    0.00    0.00    0.00    0.00   82.83
11:44:50       2   17.82    0.00    1.98    0.00    0.99    0.00    0.00    0.00    0.00   79.21
11:44:50       3   16.33    0.00    0.00    0.00    0.00    0.00    0.00    0.00    0.00   83.67
11:44:50       4   17.17    0.00    0.00    0.00    1.01    0.00    0.00    0.00    0.00   81.82
11:44:50       5   17.82    0.00    0.99    0.00    0.99    0.00    0.00    0.00    0.00   80.20
11:44:50       6   16.00    0.00    0.00    0.00    0.00    0.00    0.00    0.00    0.00   84.00
11:44:50       7   16.83    0.00    0.99    0.00    0.99    0.00    0.00    0.00    0.00   81.19
11:44:50       8   18.18    0.00    0.00    0.00    0.00    0.00    0.00    0.00    0.00   81.82
11:44:50       9   18.18    0.00    1.01    1.01    1.01    0.00    0.00    0.00    0.00   78.79
11:44:50      10   16.83    0.00    0.99    0.00    0.99    0.00    0.00    0.00    0.00   81.19
11:44:50      11   15.00    0.00    1.00    0.00    1.00    1.00    0.00    0.00    0.00   82.00
11:44:50      12   15.84    0.00    0.99    0.00    0.99    0.00    0.00    0.00    0.00   82.18
11:44:50      13   16.83    0.00    0.99    0.00    0.99    0.00    0.00    0.00    0.00   81.19
11:44:50      14   52.00    0.00    3.00    0.00    1.00    0.00    0.00    0.00    0.00   44.00
11:44:50      15   53.47    0.00    0.99    0.00    1.98    0.00    0.00    0.00    0.00   43.56

11:44:50     CPU    %usr   %nice    %sys %iowait    %irq   %soft  %steal  %guest  %gnice   %idle
11:44:51     all   30.48    0.00    0.19    0.13    1.20    0.00    0.00    0.00    0.00   68.01
11:44:51       0   23.23    0.00    1.01    0.00    1.01    0.00    0.00    0.00    0.00   74.75
11:44:51       1   27.00    0.00    0.00    0.00    1.00    0.00    0.00    0.00    0.00   72.00
11:44:51       2   25.25    0.00    0.00    1.01    1.01    0.00    0.00    0.00    0.00   72.73
11:44:51       3   24.75    0.00    0.00    0.00    1.98    0.00    0.00    0.00    0.00   73.27
11:44:51       4   26.26    0.00    0.00    0.00    1.01    0.00    0.00    0.00    0.00   72.73
11:44:51       5   26.26    0.00    0.00    0.00    1.01    0.00    0.00    0.00    0.00   72.73
11:44:51       6   25.25    0.00    0.00    0.00    2.02    0.00    0.00    0.00    0.00   72.73
11:44:51       7   26.26    0.00    0.00    0.00    1.01    0.00    0.00    0.00    0.00   72.73
11:44:51       8   29.29    0.00    0.00    1.01    2.02    0.00    0.00    0.00    0.00   67.68
11:44:51       9   26.26    0.00    0.00    0.00    1.01    0.00    0.00    0.00    0.00   72.73
11:44:51      10   28.00    0.00    0.00    0.00    1.00    0.00    0.00    0.00    0.00   71.00
11:44:51      11   26.00    0.00    0.00    0.00    1.00    0.00    0.00    0.00    0.00   73.00
11:44:51      12   25.51    0.00    0.00    0.00    1.02    0.00    0.00    0.00    0.00   73.47
11:44:51      13   30.30    0.00    0.00    0.00    1.01    0.00    0.00    0.00    0.00   68.69
11:44:51      14   28.00    0.00    0.00    0.00    1.00    0.00    0.00    0.00    0.00   71.00
11:44:51      15   90.82    0.00    2.04    0.00    1.02    0.00    0.00    0.00    0.00    6.12

11:44:51     CPU    %usr   %nice    %sys %iowait    %irq   %soft  %steal  %guest  %gnice   %idle
11:44:52     all   56.34    0.00    0.25    0.00    2.43    0.12    0.00    0.00    0.00   40.86
11:44:52       0   53.00    0.00    1.00    0.00    2.00    0.00    0.00    0.00    0.00   44.00
11:44:52       1   54.00    0.00    0.00    0.00    2.00    1.00    0.00    0.00    0.00   43.00
11:44:52       2   53.47    0.00    0.00    0.00    1.98    0.00    0.00    0.00    0.00   44.55
11:44:52       3   54.00    0.00    0.00    0.00    2.00    0.00    0.00    0.00    0.00   44.00
11:44:52       4   53.40    0.00    0.97    0.00    2.91    0.00    0.00    0.00    0.00   42.72
11:44:52       5   54.00    0.00    0.00    0.00    3.00    0.00    0.00    0.00    0.00   43.00
11:44:52       6   54.46    0.00    0.00    0.00    1.98    0.00    0.00    0.00    0.00   43.56
11:44:52       7   54.00    0.00    0.00    0.00    2.00    0.00    0.00    0.00    0.00   44.00
11:44:52       8   53.47    0.00    0.99    0.00    1.98    0.99    0.00    0.00    0.00   42.57
11:44:52       9   54.00    0.00    0.00    0.00    2.00    0.00    0.00    0.00    0.00   44.00
11:44:52      10   54.00    0.00    0.00    0.00    3.00    0.00    0.00    0.00    0.00   43.00
11:44:52      11   54.00    0.00    0.00    0.00    2.00    0.00    0.00    0.00    0.00   44.00
11:44:52      12   54.46    0.00    0.00    0.00    2.97    0.00    0.00    0.00    0.00   42.57
11:44:52      13   54.46    0.00    0.00    0.00    2.97    0.00    0.00    0.00    0.00   42.57
11:44:52      14   51.00    0.00    0.00    0.00    3.00    0.00    0.00    0.00    0.00   46.00
11:44:52      15   96.00    0.00    1.00    0.00    3.00    0.00    0.00    0.00    0.00    0.00


Average:     CPU    %usr   %nice    %sys %iowait    %irq   %soft  %steal  %guest  %gnice   %idle
Average:     all   36.15    0.00    0.44    0.06    1.50    0.06    0.00    0.00    0.00   61.79
Average:       0   31.77    0.00    1.00    0.00    1.34    0.00    0.00    0.00    0.00   65.89
Average:       1   32.44    0.00    0.00    0.00    1.34    0.33    0.00    0.00    0.00   65.89
Average:       2   32.23    0.00    0.66    0.33    1.33    0.00    0.00    0.00    0.00   65.45
Average:       3   31.77    0.00    0.00    0.00    1.34    0.00    0.00    0.00    0.00   66.89
Average:       4   32.56    0.00    0.33    0.00    1.66    0.00    0.00    0.00    0.00   65.45
Average:       5   32.67    0.00    0.33    0.00    1.67    0.00    0.00    0.00    0.00   65.33
Average:       6   32.00    0.00    0.00    0.00    1.33    0.00    0.00    0.00    0.00   66.67
Average:       7   32.33    0.00    0.33    0.00    1.33    0.00    0.00    0.00    0.00   66.00
Average:       8   33.78    0.00    0.33    0.33    1.34    0.33    0.00    0.00    0.00   63.88
Average:       9   32.89    0.00    0.34    0.34    1.34    0.00    0.00    0.00    0.00   65.10
Average:      10   32.89    0.00    0.33    0.00    1.66    0.00    0.00    0.00    0.00   65.12
Average:      11   31.67    0.00    0.33    0.00    1.33    0.33    0.00    0.00    0.00   66.33
Average:      12   32.00    0.00    0.33    0.00    1.67    0.00    0.00    0.00    0.00   66.00
Average:      13   33.89    0.00    0.33    0.00    1.66    0.00    0.00    0.00    0.00   64.12
Average:      14   43.67    0.00    1.00    0.00    1.67    0.00    0.00    0.00    0.00   53.67
Average:      15   79.93    0.00    1.34    0.00    2.01    0.00    0.00    0.00    0.00   16.72
